4F,4020000,20120118100015,20120118100016|F10[4020001,0,0;4020002,0,0]|F20[4020001,0,0]|F30[4020001,0,0]|F40[4020001,11]#
4F,4020000,20120118100016,20120118100017|F10[4020001,0,0;4020002,0,0]|F20[4020001,0,0]|F30[4020001,0,0]|F40[4020001,9]#
4F,4020000,20120118100017,20120118100018|F10[4020001,0,0;4020002,0,0]|F20[4020001,0,0]|F30[4020001,0,0]|F40[4020001,9]#
4F,4020000,20120118100018,20120118100019|F10[4020001,0,0;4020002,0,0]|F20[4020001,0,0]|F30[4020001,0,0]|F40[4020001,9]#
4F,4020000,20120118100019,20120118100020|F10[4020001,0,0;4020002,0,0]|F20[4020001,0,0]|F30[4020001,0,0]|F40[4020001,9]#
4F,4020000,20120118100020,20120118100021|F10[4020001,0,0;4020002,0,0]|F20[4020001,0,0]|F30[4020001,0,0]|F40[4020001,9]#
4F,4020000,20120118100021,20120118100022|F10[4020001,0,0;4020002,0,0]|F20[4020001,0,0]|F30[4020001,0,0]|F40[4020001,9]#
4F,4020000,20120118100022,20120118100023|F10[4020001,0,0;4020002,0,0]|F20[4020001,0,0]|F30[4020001,0,0]|F40[4020001,9]#
4F,4020000,20120118100023,20120118100024|F10[4020001,0,0;4020002,0,0]|F20[4020001,0,0]|F30[4020001,0,0]|F40[4020001,9]#
4F,4020000,20120118100024,20120118100025|F10[4020001,0,0;4020002,0,0]|F20[4020001,0,0]|F30[4020001,0,0]|F40[4020001,9]#
4F,4020000,20120118100025,20120118100026|F10[4020001,0,0;4020002,0,0]|F20[4020001,0,0]|F30[4020001,0,0]|F40[4020001,9]#
4F,4020000,20120118100026,20120118100027|F10[4020001,0,0;4020002,0,0]|F20[4020001,0,0]|F30[4020001,0,0]|F40[4020001,9]#
4F,4020000,20120118100027,20120118100028|F10[4020001,0,0;4020002,0,0]|F20[4020001,0,0]|F30[4020001,0,0]|F40[4020001,9]#
4F,4020000,20120118100028,20120118100029|F10[4020001,0,0;4020002,0,0]|F20[4020001,0,0]|F30[4020001,0,0]|F40[4020001,10]#
4F,4020000,20120118100029,20120118100030|F10[4020001,0,0;4020002,0,0]|F20[4020001,2,0]|F30[4020001,0,0]|F40[4020001,9]#
4F,4020000,20120118100030,20120118100031|F10[4020001,0,0;4020002,0,0]|F20[4020001,1,0]|F30[4020001,0,0]|F40[4020001,9]#
4F,4020000,20120118100031,20120118100032|F10[4020001,0,0;4020002,0,0]|F20[4020001,5,1]|F30[4020001,0,0]|F40[4020001,9]#
4F,4020000,20120118100032,20120118100033|F10[4020001,0,0;4020002,0,0]|F20[4020001,1,0]|F30[4020001,0,0]|F40[4020001,8]#
4F,4020000,20120118100015,20120118100016|F10[4020001,0,0;4020002,0,0]|F20[4020001,0,0]|F30[4020001,0,0]|F40[4020001,11]#
4F,4020000,20120118100016,20120118100017|F10[4020001,0,0;4020002,0,0]|F20[4020001,0,0]|F30[4020001,0,0]|F40[4020001,9]#
4F,4020000,20120118100017,20120118100018|F10[4020001,0,0;4020002,0,0]|F20[4020001,0,0]|F30[4020001,0,0]|F40[4020001,9]#
4F,4020000,20120118100018,20120118100019|F10[4020001,0,0;4020002,0,0]|F20[4020001,0,0]|F30[4020001,0,0]|F40[4020001,9]#
4F,4020000,20120118100019,20120118100020|F10[4020001,0,0;4020002,0,0]|F20[4020001,0,0]|F30[4020001,0,0]|F40[4020001,9]#
4F,4020000,20120118100020,20120118100021|F10[4020001,0,0;4020002,0,0]|F20[4020001,0,0]|F30[4020001,0,0]|F40[4020001,9]#
4F,4020000,20120118100021,20120118100022|F10[4020001,0,0;4020002,0,0]|F20[4020001,0,0]|F30[4020001,0,0]|F40[4020001,9]#
4F,4020000,20120118100022,20120118100023|F10[4020001,0,0;4020002,0,0]|F20[4020001,0,0]|F30[4020001,0,0]|F40[4020001,9]#
4F,4020000,20120118100023,20120118100024|F10[4020001,0,0;4020002,0,0]|F20[4020001,0,0]|F30[4020001,0,0]|F40[4020001,9]#
4F,4020000,20120118100024,20120118100025|F10[4020001,0,0;4020002,0,0]|F20[4020001,0,0]|F30[4020001,0,0]|F40[4020001,9]#
4F,4020000,20120118100025,20120118100026|F10[4020001,0,0;4020002,0,0]|F20[4020001,0,0]|F30[4020001,0,0]|F40[4020001,9]#
4F,4020000,20120118100026,20120118100027|F10[4020001,0,0;4020002,0,0]|F20[4020001,0,0]|F30[4020001,0,0]|F40[4020001,9]#
4F,4020000,20120118100027,20120118100028|F10[4020001,0,0;4020002,0,0]|F20[4020001,0,0]|F30[4020001,0,0]|F40[4020001,9]#
4F,4020000,20120118100028,20120118100029|F10[4020001,0,0;4020002,0,0]|F20[4020001,0,0]|F30[4020001,0,0]|F40[4020001,10]#
4F,4020000,20120118100029,20120118100030|F10[4020001,0,0;4020002,0,0]|F20[4020001,2,0]|F30[4020001,0,0]|F40[4020001,9]#
4F,4020000,20120118100030,20120118100031|F10[4020001,0,0;4020002,0,0]|F20[4020001,1,0]|F30[4020001,0,0]|F40[4020001,9]#
4F,4020000,20120118100031,20120118100032|F10[4020001,0,0;4020002,0,0]|F20[4020001,5,1]|F30[4020001,0,0]|F40[4020001,9]#
4F,4020000,20120118100032,20120118100033|F10[4020001,0,0;4020002,0,0]|F20[4020001,1,0]|F30[4020001,0,0]|F40[4020001,8]#
4F,4020000,20120118100033,20120118100034|F10[4020001,0,0;4020002,0,0]|F20[4020001,7,0]|F30[4020001,0,0]|F40[4020001,9]#
4F,4020000,20120118100034,20120118100035|F10[4020001,0,0;4020002,0,0]|F20[4020001,8,0]|F30[4020001,0,0]|F40[4020001,9]#
4F,4020000,20120118100035,20120118100036|F10[4020001,0,0;4020002,0,0]|F20[4020001,21,1]|F30[4020001,0,0]|F40[4020001,9]#
4F,4020000,20120118100036,20120118100037|F10[4020001,0,0;4020002,0,0]|F20[4020001,12,3]|F30[4020001,0,0]|F40[4020001,9]#
4F,4020000,20120118100037,20120118100038|F10[4020001,0,0;4020002,0,0]|F20[4020001,3,0]|F30[4020001,0,0]|F40[4020001,9]#
4F,4020000,20120118100038,20120118100039|F10[4020001,0,0;4020002,0,1]|F20[4020001,0,0]|F30[4020001,1,0]|F40[4020001,9]#
4F,4020000,20120118100039,20120118100040|F10[4020001,0,0;4020002,0,0]|F20[4020001,1,0]|F30[4020001,1,0]|F40[4020001,10]#
4F,4020000,20120118100040,20120118100041|F10[4020001,0,0;4020002,0,0]|F20[4020001,1,1]|F30[4020001,1,0]|F40[4020001,10]#
4F,4020000,20120118100041,20120118100042|F10[4020001,0,0;4020002,0,0]|F20[4020001,1,0]|F30[4020001,1,0]|F40[4020001,10]#
4F,4020000,20120118100042,20120118100043|F10[4020001,0,0;4020002,0,0]|F20[4020001,1,0]|F30[4020001,1,0]|F40[4020001,10]#
4F,4020000,20120118100043,20120118100044|F10[4020001,0,0;4020002,0,0]|F20[4020001,2,0]|F30[4020001,1,0]|F40[4020001,10]#
4F,4020000,20120118100044,20120118100045|F10[4020001,0,0;4020002,0,0]|F20[4020001,0,0]|F30[4020001,1,0]|F40[4020001,10]#
4F,4020000,20120118100045,20120118100046|F10[4020001,0,0;4020002,0,0]|F20[4020001,3,0]|F30[4020001,1,0]|F40[4020001,10]#
4F,4020000,20120118100046,20120118100047|F10[4020001,0,0;4020002,0,0]|F20[4020001,1,0]|F30[4020001,1,0]|F40[4020001,10]#
4F,4020000,20120118100047,20120118100048|F10[4020001,0,0;4020002,0,0]|F20[4020001,3,0]|F30[4020001,1,0]|F40[4020001,9]#
4F,4020000,20120118100048,20120118100049|F10[4020001,0,0;4020002,0,0]|F20[4020001,0,0]|F30[4020001,1,0]|F40[4020001,9]#
4F,4020000,20120118100049,20120118100050|F10[4020001,0,0;4020002,0,0]|F20[4020001,2,0]|F30[4020001,1,0]|F40[4020001,9]#
4F,4020000,20120118100050,20120118100051|F10[4020001,0,0;4020002,0,0]|F20[4020001,1,0]|F30[4020001,1,0]|F40[4020001,10]#
4F,4020000,20120118100051,20120118100052|F10[4020001,0,0;4020002,0,0]|F20[4020001,3,1]|F30[4020001,1,0]|F40[4020001,10]#
4F,4020000,20120118100052,20120118100053|F10[4020001,0,0;4020002,0,0]|F20[4020001,2,1]|F30[4020001,1,0]|F40[4020001,9]#
4F,4020000,20120118100053,20120118100054|F10[4020001,0,0;4020002,0,0]|F20[4020001,3,0]|F30[4020001,1,0]|F40[4020001,9]#
4F,4020000,20120118100054,20120118100055|F10[4020001,0,0;4020002,0,0]|F20[4020001,6,0]|F30[4020001,1,0]|F40[4020001,10]#
4F,4020000,20120118100055,20120118100056|F10[4020001,0,0;4020002,0,0]|F20[4020001,0,0]|F30[4020001,1,0]|F40[4020001,10]#
4F,4020000,20120118100056,20120118100057|F10[4020001,0,0;4020002,0,0]|F20[4020001,0,0]|F30[4020001,1,0]|F40[4020001,10]#
4F,4020000,20120118100057,20120118100058|F10[4020001,0,0;4020002,0,0]|F20[4020001,0,0]|F30[4020001,1,0]|F40[4020001,9]#
4F,4020000,20120118100058,20120118100059|F10[4020001,0,0;4020002,0,0]|F20[4020001,2,0]|F30[4020001,1,0]|F40[4020001,10]#
4F,4020000,20120118100059,20120118100100|F10[4020001,0,0;4020002,0,0]|F20[4020001,1,0]|F30[4020001,1,0]|F40[4020001,9]#
4F,4020000,20120118100100,20120118100101|F10[4020001,0,0;4020002,0,0]|F20[4020001,4,0]|F30[4020001,1,0]|F40[4020001,10]#
4F,4020000,20120118100101,20120118100102|F10[4020001,0,0;4020002,0,0]|F20[4020001,1,0]|F30[4020001,1,0]|F40[4020001,10]#
4F,4020000,20120118100102,20120118100103|F10[4020001,0,0;4020002,0,0]|F20[4020001,0,0]|F30[4020001,1,0]|F40[4020001,10]#
4F,4020000,20120118100103,20120118100104|F10[4020001,0,0;4020002,0,0]|F20[4020001,0,0]|F30[4020001,1,0]|F40[4020001,10]#
4F,4020000,20120118100104,20120118100105|F10[4020001,0,0;4020002,0,0]|F20[4020001,0,0]|F30[4020001,1,0]|F40[4020001,10]#
4F,4020000,20120118100105,20120118100106|F10[4020001,0,0;4020002,0,0]|F20[4020001,0,0]|F30[4020001,0,0]|F40[4020001,10]#
4F,4020000,20120118100106,20120118100107|F10[4020001,0,0;4020002,0,0]|F20[4020001,0,0]|F30[4020001,0,0]|F40[4020001,10]#
4F,4020000,20120118100107,20120118100108|F10[4020001,0,0;4020002,0,0]|F20[4020001,2,0]|F30[4020001,0,0]|F40[4020001,9]#
